-2147385141,1816
-2147384351,397
-2147254069,1815
-2147253279,398
-2147122997,1814
-2147122207,399
-2146991925,1813
-2146991135,400
-2146860853,1812
-2146860063,401
-2146729781,1811
-2146728991,402
-2146598709,1810
-2146597919,403
-2146467637,1809
-2146466847,404
-2146336565,1808
-2146335775,405
-2146205493,1807
-2146204703,406
-2146074421,1806
-2146073631,407
-2145943349,1805
-2145942559,408
-2145812277,1804
-2145811487,409
-2145681205,1803
-2145680415,410
-2145550133,1802
-2145549343,411
-2145419061,1801
-2145418271,412
-2145287989,1800
-2145287199,413
-2145156917,1799
-2145156127,414
-2145025845,1798
-2145025055,415
-2144894773,1797
-2144893983,416
-2144763701,1796
-2144762911,417
-2144632629,1795
-2144631839,418
-2144501557,1794
-2144500767,419
-2144370485,1793
-2144369695,420
-2144239413,1792
-2144238623,421
-2144108341,1791
-2144107551,422
-2143977269,1790
-2143976479,423
-2143846197,1789
-2143845407,424
-2143715125,1788
-2143714335,425
-2143584053,1787
-2143583263,426
-2143452981,1786
-2143452191,427
-2143321909,1785
-2143321119,428
-2143190837,1784
-2143190047,429
-2143059765,1783
-2143058975,430
-2142928693,1782
-2142927903,431
-2142797621,1781
-2142796831,432
-2142666549,1780
-2142665759,433
-2142535477,1779
-2142534687,434
-2142404405,1778
-2142403615,435
-2142273333,1777
-2142272543,436
-2142142261,1776
-2142141471,437
-2142011189,1775
-2142010399,438
-2141880117,1774
-2141879327,439
-2141749045,1773
-2141748255,440
-2141617973,1772
-2141617183,441
-2141486901,1771
-2141486111,442
-2141355829,1770
-2141355039,443
-2141224757,1769
-2141223967,444
-2141093685,1768
-2141092895,445
-2140962613,1767
-2140961823,446
-2140831541,1766
-2140830751,447
-2140700469,1765
-2140699679,448
-2140569397,1764
-2140568607,449
-2140438325,1763
-2140437535,450
-2140307253,1762
-2140306463,451
-2140176181,1761
-2140175391,452
-2140045109,1760
-2140044319,453
-2139914037,1759
-2139913247,454
-2139782965,1758
-2139782175,455
-2139651893,1757
-2139651103,456
-2139520821,1756
-2139520031,457
-2139389749,1755
-2139388959,458
-2139258677,1754
-2139257887,459
-2139127605,1753
-2139126815,460
-2138996533,1752
-2138995743,461
-2138865461,1751
-2138864671,462
-2138734389,1750
-2138733599,463
-2138603317,1749
-2138602527,464
-2138472245,1748
-2138471455,465
-2138341173,1747
-2138340383,466
-2138210101,1746
-2138209311,467
-2138079029,1745
-2138078239,468
-2137947957,1744
-2137947167,469
-2137816885,1743
-2137816095,470
-2137685813,1742
-2137685023,471
-2137554741,1741
-2137553951,472
-2137423669,1740
-2137422879,473
-2137292597,1739
-2137291807,474
-2137161525,1738
-2137160735,475
-2137030453,1737
-2137029663,476
-2136899381,1736
-2136898591,477
-2136768309,1735
-2136767519,478
-2136637237,1734
-2136636447,479
-2136506165,1733
-2136505375,480
-2136375093,1732
-2136374303,481
-2136244021,1731
-2136243231,482
-2136112949,1730
-2136112159,483
-2135981877,1729
-2135981087,484
-2135850805,1728
-2135850015,485
-2135719733,1727
-2135718943,486
-2135588661,1726
-2135587871,487
-2135457589,1725
-2135456799,488
-2135326517,1724
-2135325727,489
-2135195445,1723
-2135194655,490
-2135064373,1722
-2135063583,491
-2134933301,1721
-2134932511,492
-2134802229,1720
-2134801439,493
-2134671157,1719
-2134670367,494
-2134540085,1718
-2134539295,495
-2134409013,1717
-2134408223,496
-2134277941,1716
-2134277151,497
-2134146869,1715
-2134146079,498
-2134015797,1714
-2134015007,499
-2133884725,1713
-2133883935,500
-2133753653,1712
-2133752863,501
-2133622581,1711
-2133621791,502
-2133491509,1710
-2133490719,503
-2133360437,1709
-2133359647,504
-2133229365,1708
-2133228575,505
-2133098293,1707
-2133097503,506
-2132967221,1706
-2132966431,507
-2132836149,1705
-2132835359,508
-2132705077,1704
-2132704287,509
-2132574005,1703
-2132573215,510
-2132442933,1702
-2132442143,511
-2132311861,1701
-2132311071,512
-2132180789,1700
-2132179999,513
-2132049717,1699
-2132048927,514
-2131918645,1698
-2131917855,515
-2131787573,1697
-2131786783,516
-2131656501,1696
-2131655711,517
-2131525429,1695
-2131524639,518
-2131394357,1694
-2131393567,519
-2131263285,1693
-2131262495,520
-2131132213,1692
-2131131423,521
-2131001141,1691
-2131000351,522
-2130870069,1690
-2130869279,523
-2130738997,1689
-2130738207,524
-2130607925,1688
-2130607135,525
-2130476853,1687
-2130476063,526
-2130345781,1686
-2130344991,527
-2130214709,1685
-2130213919,528
-2130083637,1684
-2130082847,529
-2129952565,1683
-2129951775,530
-2129821493,1682
-2129820703,531
-2129690421,1681
-2129689631,532
-2129559349,1680
-2129558559,533
-2129428277,1679
-2129427487,534
-2129297205,1678
-2129296415,535
-2129166133,1677
-2129165343,536
-2129035061,1676
-2129034271,537
-2128903989,1675
-2128903199,538
-2128772917,1674
-2128772127,539
-2128641845,1673
-2128641055,540
-2128510773,1672
-2128509983,541
-2128379701,1671
-2128378911,542
-2128248629,1670
-2128247839,543
-2128117557,1669
-2128116767,544
-2127986485,1668
-2127985695,545
-2127855413,1667
-2127854623,546
-2127724341,1666
-2127723551,547
-2127593269,1665
-2127592479,548
-2127462197,1664
-2127461407,549
-2127331125,1663
-2127330335,550
-2127200053,1662
-2127199263,551
-2127068981,1661
-2127068191,552
-2126937909,1660
-2126937119,553
-2126806837,1659
-2126806047,554
-2126675765,1658
-2126674975,555
-2126544693,1657
-2126543903,556
-2126413621,1656
-2126412831,557
-2126282549,1655
-2126281759,558
-2126151477,1654
-2126150687,559
-2126020405,1653
-2126019615,560
-2125889333,1652
-2125888543,561
-2125758261,1651
-2125757471,562
-2125627189,1650
-2125626399,563
-2125496117,1649
-2125495327,564
-2125365045,1648
-2125364255,565
-2125233973,1647
-2125233183,566
-2125102901,1646
-2125102111,567
-2124971829,1645
-2124971039,568
-2124840757,1644
-2124839967,569
-2124709685,1643
-2124708895,570
-2124578613,1642
-2124577823,571
-2124447541,1641
-2124446751,572
-2124316469,1640
-2124315679,573
-2124185397,1639
-2124184607,574
-2124054325,1638
-2124053535,575
-2123923253,1637
-2123922463,576
-2123792181,1636
-2123791391,577
-2123661109,1635
-2123660319,578
-2123530037,1634
-2123529247,579
-2123398965,1633
-2123398175,580
-2123267893,1632
-2123267103,581
-2123136821,1631
-2123136031,582
-2123005749,1630
-2123004959,583
-2122874677,1629
-2122873887,584
-2122743605,1628
-2122742815,585
-2122612533,1627
-2122611743,586
-2122481461,1626
-2122480671,587
-2122350389,1625
-2122349599,588
-2122219317,1624
-2122218527,589
-2122088245,1623
-2122087455,590
-2121957173,1622
-2121956383,591
-2121826101,1621
-2121825311,592
-2121695029,1620
-2121694239,593
-2121563957,1619
-2121563167,594
-2121432885,1618
-2121432095,595
-2121301813,1617
-2121301023,596
-2121170741,1616
-2121169951,597
-2121039669,1615
-2121038879,598
-2120908597,1614
-2120907807,599
-2120777525,1613
-2120776735,600
-2120646453,1612
-2120645663,601
-2120515381,1611
-2120514591,602
-2120384309,1610
-2120383519,603
-2120253237,1609
-2120252447,604
-2120122165,1608
-2120121375,605
-2119991093,1607
-2119990303,606
-2119860021,1606
-2119859231,607
-2119728949,1605
-2119728159,608
-2119597877,1604
-2119597087,609
-2119466805,1603
-2119466015,610
-2119335733,1602
-2119334943,611
-2119204661,1601
-2119203871,612
-2119073589,1600
-2119072799,613
-2118942517,1599
-2118941727,614
-2118811445,1598
-2118810655,615
-2118680373,1597
-2118679583,616
-2118549301,1596
-2118548511,617
-2118418229,1595
-2118417439,618
-2118287157,1594
-2118286367,619
-2118156085,1593
-2118155295,620
-2118025013,1592
-2118024223,621
-2117893941,1591
-2117893151,622
-2117762869,1590
-2117762079,623
-2117631797,1589
-2117631007,624
-2117500725,1588
-2117499935,625
-2117369653,1587
-2117368863,626
-2117238581,1586
-2117237791,627
-2117107509,1585
-2117106719,628
-2116976437,1584
-2116975647,629
-2116845365,1583
-2116844575,630
-2116714293,1582
-2116713503,631
-2116583221,1581
-2116582431,632
-2116452149,1580
-2116451359,633
-2116321077,1579
-2116320287,634
-2116190005,1578
-2116189215,635
-2116058933,1577
-2116058143,636
-2115927861,1576
-2115927071,637
-2115796789,1575
-2115795999,638
-2115665717,1574
-2115664927,639
-2115534645,1573
-2115533855,640
-2115403573,1572
-2115402783,641
-2115272501,1571
-2115271711,642
-2115141429,1570
-2115140639,643
-2115010357,1569
-2115009567,644
-2114879285,1568
-2114878495,645
-2114748213,1567
-2114747423,646
-2114617141,1566
-2114616351,647
-2114486069,1565
-2114485279,648
-2114354997,1564
-2114354207,649
-2114223925,1563
-2114223135,650
-2114092853,1562
-2114092063,651
-2113961781,1561
-2113960991,652
-2113830709,1560
-2113829919,653
-2113699637,1559
-2113698847,654
-2113568565,1558
-2113567775,655
-2113437493,1557
-2113436703,656
-2113306421,1556
-2113305631,657
-2113175349,1555
-2113174559,658
-2113044277,1554
-2113043487,659
-2112913205,1553
-2112912415,660
-2112782133,1552
-2112781343,661
-2112651061,1551
-2112650271,662
-2112519989,1550
-2112519199,663
-2112388917,1549
-2112388127,664
-2112257845,1548
-2112257055,665
-2112126773,1547
-2112125983,666
-2111995701,1546
-2111994911,667
-2111864629,1545
-2111863839,668
-2111733557,1544
-2111732767,669
-2111602485,1543
-2111601695,670
-2111471413,1542
-2111470623,671
-2111340341,1541
-2111339551,672
-2111209269,1540
-2111208479,673
-2111078197,1539
-2111077407,674
-2110947125,1538
-2110946335,675
-2110816053,1537
-2110815263,676
-2110684981,1536
-2110684191,677
-2110553909,1535
-2110553119,678
-2110422837,1534
-2110422047,679
-2110291765,1533
-2110290975,680
-2110160693,1532
-2110159903,681
-2110029621,1531
-2110028831,682
-2109898549,1530
-2109897759,683
-2109767477,1529
-2109766687,684
-2109636405,1528
-2109635615,685
-2109505333,1527
-2109504543,686
-2109374261,1526
-2109373471,687
-2109243189,1525
-2109242399,688
-2109112117,1524
-2109111327,689
-2108981045,1523
-2108980255,690
-2108849973,1522
-2108849183,691
-2108718901,1521
-2108718111,692
-2108587829,1520
-2108587039,693
-2108456757,1519
-2108455967,694
-2108325685,1518
-2108324895,695
-2108194613,1517
-2108193823,696
-2108063541,1516
-2108062751,697
-2107932469,1515
-2107931679,698
-2107801397,1514
-2107800607,699
-2107670325,1513
-2107669535,700
-2107539253,1512
-2107538463,701
-2107408181,1511
-2107407391,702
-2107277109,1510
-2107276319,703
-2107146037,1509
-2107145247,704
-2107014965,1508
-2107014175,705
-2106883893,1507
-2106883103,706
-2106752821,1506
-2106752031,707
-2106621749,1505
-2106620959,708
-2106490677,1504
-2106489887,709
-2106359605,1503
-2106358815,710
-2106228533,1502
-2106227743,711
-2106097461,1501
-2106096671,712
-2105966389,1500
-2105965599,713
-2105835317,1499
-2105834527,714
-2105704245,1498
-2105703455,715
-2105573173,1497
-2105572383,716
-2105442101,1496
-2105441311,717
-2105311029,1495
-2105310239,718
-2105179957,1494
-2105179167,719
-2105048885,1493
-2105048095,720
-2104917813,1492
-2104917023,721
-2104786741,1491
-2104785951,722
-2104655669,1490
-2104654879,723
-2104524597,1489
-2104523807,724
-2104393525,1488
-2104392735,725
-2104262453,1487
-2104261663,726
-2104131381,1486
-2104130591,727
-2104000309,1485
-2103999519,728
-2103869237,1484
-2103868447,729
-2103738165,1483
-2103737375,730
-2103607093,1482
-2103606303,731
-2103476021,1481
-2103475231,732
-2103344949,1480
-2103344159,733
-2103213877,1479
-2103213087,734
-2103082805,1478
-2103082015,735
-2102951733,1477
-2102950943,736
-2102820661,1476
-2102819871,737
-2102689589,1475
-2102688799,738
-2102558517,1474
-2102557727,739
-2102427445,1473
-2102426655,740
-2102296373,1472
-2102295583,741
-2102165301,1471
-2102164511,742
-2102034229,1470
-2102033439,743
-2101903157,1469
-2101902367,744
-2101772085,1468
-2101771295,745
-2101641013,1467
-2101640223,746
-2101509941,1466
-2101509151,747
-2101378869,1465
-2101378079,748
-2101247797,1464
-2101247007,749
-2101116725,1463
-2101115935,750
-2100985653,1462
-2100984863,751
-2100854581,1461
-2100853791,752
-2100723509,1460
-2100722719,753
-2100592437,1459
-2100591647,754
-2100461365,1458
-2100460575,755
-2100330293,1457
-2100329503,756
-2100199221,1456
-2100198431,757
-2100068149,1455
-2100067359,758
-2099937077,1454
-2099936287,759
-2099806005,1453
-2099805215,760
-2099674933,1452
-2099674143,761
-2099543861,1451
-2099543071,762
-2099412789,1450
-2099411999,763
-2099281717,1449
-2099280927,764
-2099150645,1448
-2099149855,765
-2099019573,1447
-2099018783,766
-2098888501,1446
-2098887711,767
-2098757429,1445
-2098756639,768
-2098626357,1444
-2098625567,769
-2098495285,1443
-2098494495,770
-2098364213,1442
-2098363423,771
-2098233141,1441
-2098232351,772
-2098102069,1440
-2098101279,773
-2097970997,1439
-2097970207,774
-2097839925,1438
-2097839135,775
-2097708853,1437
-2097708063,776
-2097577781,1436
-2097576991,777
-2097446709,1435
-2097445919,778
-2097315637,1434
-2097314847,779
-2097184565,1433
-2097183775,780
-2097053493,1432
-2097052703,781
-2096922421,1431
-2096921631,782
-2096791349,1430
-2096790559,783
-2096660277,1429
-2096659487,784
-2096529205,1428
-2096528415,785
-2096398133,1427
-2096397343,786
-2096267061,1426
-2096266271,787
-2096135989,1425
-2096135199,788
-2096004917,1424
-2096004127,789
-2095873845,1423
-2095873055,790
-2095742773,1422
-2095741983,791
-2095611701,1421
-2095610911,792
-2095480629,1420
-2095479839,793
-2095349557,1419
-2095348767,794
-2095218485,1418
-2095217695,795
-2095087413,1417
-2095086623,796
-2094956341,1416
-2094955551,797
-2094825269,1415
-2094824479,798
-2094694197,1414
-2094693407,799
-2094563125,1413
-2094562335,800
-2094432053,1412
-2094431263,801
-2094300981,1411
-2094300191,802
-2094169909,1410
-2094169119,803
-2094038837,1409
-2094038047,804
-2093907765,1408
-2093906975,805
-2093776693,1407
-2093775903,806
-2093645621,1406
-2093644831,807
-2093514549,1405
-2093513759,808
-2093383477,1404
-2093382687,809
-2093252405,1403
-2093251615,810
-2093121333,1402
-2093120543,811
-2092990261,1401
-2092989471,812
-2092859189,1400
-2092858399,813
-2092728117,1399
-2092727327,814
-2092597045,1398
-2092596255,815
-2092465973,1397
-2092465183,816
-2092334901,1396
-2092334111,817
-2092203829,1395
-2092203039,818
-2092072757,1394
-2092071967,819
-2091941685,1393
-2091940895,820
-2091810613,1392
-2091809823,821
-2091679541,1391
-2091678751,822
-2091548469,1390
-2091547679,823
-2091417397,1389
-2091416607,824
-2091286325,1388
-2091285535,825
-2091155253,1387
-2091154463,826
-2091024181,1386
-2091023391,827
-2090893109,1385
-2090892319,828
-2090762037,1384
-2090761247,829
-2090630965,1383
-2090630175,830
-2090499893,1382
-2090499103,831
-2090368821,1381
-2090368031,832
-2090237749,1380
-2090236959,833
-2090106677,1379
-2090105887,834
-2089975605,1378
-2089974815,835
-2089844533,1377
-2089843743,836
-2089713461,1376
-2089712671,837
-2089582389,1375
-2089581599,838
-2089451317,1374
-2089450527,839
-2089320245,1373
-2089319455,840
-2089189173,1372
-2089188383,841
-2089058101,1371
-2089057311,842
-2088927029,1370
-2088926239,843
-2088795957,1369
-2088795167,844
-2088664885,1368
-2088664095,845
-2088533813,1367
-2088533023,846
-2088402741,1366
-2088401951,847
-2088271669,1365
-2088270879,848
-2088140597,1364
-2088139807,849
-2088009525,1363
-2088008735,850
-2087878453,1362
-2087877663,851
-2087747381,1361
-2087746591,852
-2087616309,1360
-2087615519,853
-2087485237,1359
-2087484447,854
-2087354165,1358
-2087353375,855
-2087223093,1357
-2087222303,856
-2087092021,1356
-2087091231,857
-2086960949,1355
-2086960159,858
-2086829877,1354
-2086829087,859
-2086698805,1353
-2086698015,860
-2086567733,1352
-2086566943,861
-2086436661,1351
-2086435871,862
-2086305589,1350
-2086304799,863
-2086174517,1349
-2086173727,864
-2086043445,1348
-2086042655,865
-2085912373,1347
-2085911583,866
-2085781301,1346
-2085780511,867
-2085650229,1345
-2085649439,868
-2085519157,1344
-2085518367,869
-2085388085,1343
-2085387295,870
-2085257013,1342
-2085256223,871
-2085125941,1341
-2085125151,872
-2084994869,1340
-2084994079,873
-2084863797,1339
-2084863007,874
-2084732725,1338
-2084731935,875
-2084601653,1337
-2084600863,876
-2084470581,1336
-2084469791,877
-2084339509,1335
-2084338719,878
-2084208437,1334
-2084207647,879
-2084077365,1333
-2084076575,880
-2083946293,1332
-2083945503,881
-2083815221,1331
-2083814431,882
-2083684149,1330
-2083683359,883
-2083553077,1329
-2083552287,884
-2083422005,1328
-2083421215,885
-2083290933,1327
-2083290143,886
-2083159861,1326
-2083159071,887
-2083028789,1325
-2083027999,888
-2082897717,1324
-2082896927,889
-2082766645,1323
-2082765855,890
-2082635573,1322
-2082634783,891
-2082504501,1321
-2082503711,892
-2082373429,1320
-2082372639,893
-2082242357,1319
-2082241567,894
-2082111285,1318
-2082110495,895
-2081980213,1317
-2081979423,896
-2081849141,1316
-2081848351,897
-2081718069,1315
-2081717279,898
-2081586997,1314
-2081586207,899
-2081455925,1313
-2081455135,900
-2081324853,1312
-2081324063,901
-2081193781,1311
-2081192991,902
-2081062709,1310
-2081061919,903
-2080931637,1309
-2080930847,904
-2080800565,1308
-2080799775,905
-2080669493,1307
-2080668703,906
-2080538421,1306
-2080537631,907
-65538,908
-65538,909
-65538,910
-65538,911
-65538,912
-65538,913
-65538,914
-65538,915
-65538,916
-65538,917
-65538,918
-65538,919
-65538,920
-65538,921
-65538,922
-65538,923
-65538,924
-65538,925
-65538,926
-65538,927
-65538,928
-65538,929
-65538,930
-65538,931
-65538,932
-65538,933
-65538,934
-65538,935
-65538,936
-65538,937
-65538,938
-65538,939
-65538,940
-65538,941
-65538,942
-65538,943
-65538,944
-65538,945
-65538,946
-65538,947
-65538,948
-65538,949
-65538,950
-65538,951
-65538,952
-65538,953
-65538,954
-65538,955
-65538,956
-65538,957
-65538,958
-65538,959
-65538,960
-65538,961
-65538,962
-65538,963
-65538,964
-65538,965
-65538,966
-65538,967
-65538,968
-65538,969
-65538,970
-65538,971
-65538,972
-65538,973
-65538,974
-65538,975
-65538,976
-65538,977
-65538,978
-65538,979
-65538,980
-65538,981
-65538,982
-65538,983
-65538,984
-65538,985
-65538,986
-65538,987
-65538,988
-65538,989
-65538,990
-65538,991
-65538,992
-65538,993
-65538,994
-65538,995
-65538,996
-65538,997
-65538,998
-65538,999
-65538,1000
-65538,1001
-65538,1002
-65538,1003
-65538,1004
-65538,1005
-65538,1006
-65538,1007
-65538,1008
-65538,1009
-65538,1010
-65538,1011
-65538,1012
-65538,1013
-65538,1014
-65538,1015
-65538,1016
-65538,1017
-65538,1018
-65538,1019
-65538,1020
-65538,1021
-65538,1022
-65538,1023
-65538,1024
-65538,1025
-65538,1026
-65538,1027
-65538,1028
-65538,1029
-65538,1030
-65538,1031
-65538,1032
-65538,1033
-65538,1034
-65538,1035
-65538,1036
-65538,1037
-65538,1038
-65538,1039
-65538,1040
-65538,1041
-65538,1042
-65538,1043
-65538,1044
-65538,1045
-65538,1046
-65538,1047
-65538,1048
-65538,1049
-65538,1050
-65538,1051
-65538,1052
-65538,1053
-65538,1054
-65538,1055
-65538,1056
-65538,1057
-65538,1058
-65538,1059
-65538,1060
-65538,1061
-65538,1062
-65538,1063
-65538,1064
-65538,1065
-65538,1066
-65538,1067
-65538,1068
-65538,1069
-65538,1070
-65538,1071
-65538,1072
-65538,1073
-65538,1074
-65538,1075
-65538,1076
-65538,1077
-65538,1078
-65538,1079
-65538,1080
-65538,1081
-65538,1082
-65538,1083
-65538,1084
-65538,1085
-65538,1086
-65538,1087
-65538,1088
-65538,1089
-65538,1090
-65538,1091
-65538,1092
-65538,1093
-65538,1094
-65538,1095
-65538,1096
-65538,1097
-65538,1098
-65538,1099
-65538,1100
-65538,1101
-65538,1102
-65538,1103
-65538,1104
-65538,1105
-65538,1106
-65538,1107
-65538,1108
-65538,1109
-65538,1110
-65538,1111
-65538,1112
-65538,1113
-65538,1114
-65538,1115
-65538,1116
-65538,1117
-65538,1118
-65538,1119
-65538,1120
-65538,1121
-65538,1122
-65538,1123
-65538,1124
-65538,1125
-65538,1126
-65538,1127
-65538,1128
-65538,1129
-65538,1130
-65538,1131
-65538,1132
-65538,1133
-65538,1134
-65538,1135
-65538,1136
-65538,1137
-65538,1138
-65538,1139
-65538,1140
-65538,1141
-65538,1142
-65538,1143
-65538,1144
-65538,1145
-65538,1146
-65538,1147
-65538,1148
-65538,1149
-65538,1150
-65538,1151
-65538,1152
-65538,1153
-65538,1154
-65538,1155
-65538,1156
-65538,1157
-65538,1158
-65538,1159
-65538,1160
-65538,1161
-65538,1162
-65538,1163
-65538,1164
-65538,1165
-65538,1166
-65538,1167
-65538,1168
-65538,1169
-65538,1170
-65538,1171
-65538,1172
-65538,1173
-65538,1174
-65538,1175
-65538,1176
-65538,1177
-65538,1178
-65538,1179
-65538,1180
-65538,1181
-65538,1182
-65538,1183
-65538,1184
-65538,1185
-65538,1186
-65538,1187
-65538,1188
-65538,1189
-65538,1190
-65538,1191
-65538,1192
-65538,1193
-65538,1194
-65538,1195
-65538,1196
-65538,1197
-65538,1198
-65538,1199
-65538,1200
-65538,1201
-65538,1202
-65538,1203
-65538,1204
-65538,1205
-65538,1206
-65538,1207
-65538,1208
-65538,1209
-65538,1210
-65538,1211
-65538,1212
-65538,1213
-65538,1214
-65538,1215
-65538,1216
-65538,1217
-65538,1218
-65538,1219
-65538,1220
-65538,1221
-65538,1222
-65538,1223
-65538,1224
-65538,1225
-65538,1226
-65538,1227
-65538,1228
-65538,1229
-65538,1230
-65538,1231
-65538,1232
-65538,1233
-65538,1234
-65538,1235
-65538,1236
-65538,1237
-65538,1238
-65538,1239
-65538,1240
-65538,1241
-65538,1242
-65538,1243
-65538,1244
-65538,1245
-65538,1246
-65538,1247
-65538,1248
-65538,1249
-65538,1250
-65538,1251
-65538,1252
-65538,1253
-65538,1254
-65538,1255
-65538,1256
-65538,1257
-65538,1258
-65538,1259
-65538,1260
-65538,1261
-65538,1262
-65538,1263
-65538,1264
-65538,1265
-65538,1266
-65538,1267
-65538,1268
-65538,1269
-65538,1270
-65538,1271
-65538,1272
-65538,1273
-65538,1274
-65538,1275
-65538,1276
-65538,1277
-65538,1278
-65538,1279
-65538,1280
-65538,1281
-65538,1282
-65538,1283
-65538,1284
-65538,1285
-65538,1286
-65538,1287
-65538,1288
-65538,1289
-65538,1290
-65538,1291
-65538,1292
-65538,1293
-65538,1294
-65538,1295
-65538,1296
-65538,1297
-65538,1298
-65538,1299
-65538,1300
-65538,1301
-65538,1302
-65538,1303
-65538,1304
-65538,1305
2147451083,0
2147451083,1817
2147451085,1
2147451087,2
2147451089,3
2147451091,4
2147451093,5
2147451095,6
2147451097,7
2147451099,8
2147451101,9
2147451103,10
2147451105,11
2147451107,12
2147451109,13
2147451111,14
2147451113,15
2147451115,16
2147451117,17
2147451119,18
2147451121,19
2147451123,20
2147451125,21
2147451127,22
2147451129,23
2147451131,24
2147451133,25
2147451135,26
2147451137,27
2147451139,28
2147451141,29
2147451143,30
2147451145,31
2147451147,32
2147451149,33
2147451151,34
2147451153,35
2147451155,36
2147451157,37
2147451159,38
2147451161,39
2147451163,40
2147451165,41
2147451167,42
2147451169,43
2147451171,44
2147451173,45
2147451175,46
2147451177,47
2147451179,48
2147451181,49
2147451183,50
2147451185,51
2147451187,52
2147451189,53
2147451191,54
2147451193,55
2147451195,56
2147451197,57
2147451199,58
2147451201,59
2147451203,60
2147451205,61
2147451207,62
2147451209,63
2147451211,64
2147451213,65
2147451215,66
2147451217,67
2147451219,68
2147451221,69
2147451223,70
2147451225,71
2147451227,72
2147451229,73
2147451231,74
2147451233,75
2147451235,76
2147451237,77
2147451239,78
2147451241,79
2147451243,80
2147451245,81
2147451247,82
2147451249,83
2147451251,84
2147451253,85
2147451255,86
2147451257,87
2147451259,88
2147451261,89
2147451263,90
2147451265,91
2147451267,92
2147451269,93
2147451271,94
2147451273,95
2147451275,96
2147451277,97
2147451279,98
2147451281,99
2147451283,100
2147451285,101
2147451287,102
2147451289,103
2147451291,104
2147451293,105
2147451295,106
2147451297,107
2147451299,108
2147451301,109
2147451303,110
2147451305,111
2147451307,112
2147451309,113
2147451311,114
2147451313,115
2147451315,116
2147451317,117
2147451319,118
2147451321,119
2147451323,120
2147451325,121
2147451327,122
2147451329,123
2147451331,124
2147451333,125
2147451335,126
2147451337,127
2147451339,128
2147451341,129
2147451343,130
2147451345,131
2147451347,132
2147451349,133
2147451351,134
2147451353,135
2147451355,136
2147451357,137
2147451359,138
2147451361,139
2147451363,140
2147451365,141
2147451367,142
2147451369,143
2147451371,144
2147451373,145
2147451375,146
2147451377,147
2147451379,148
2147451381,149
2147451383,150
2147451385,151
2147451387,152
2147451389,153
2147451391,154
2147451393,155
2147451395,156
2147451397,157
2147451399,158
2147451401,159
2147451403,160
2147451405,161
2147451407,162
2147451409,163
2147451411,164
2147451413,165
2147451415,166
2147451417,167
2147451419,168
2147451421,169
2147451423,170
2147451425,171
2147451427,172
2147451429,173
2147451431,174
2147451433,175
2147451435,176
2147451437,177
2147451439,178
2147451441,179
2147451443,180
2147451445,181
2147451447,182
2147451449,183
2147451451,184
2147451453,185
2147451455,186
2147451457,187
2147451459,188
2147451461,189
2147451463,190
2147451465,191
2147451467,192
2147451469,193
2147451471,194
2147451473,195
2147451475,196
2147451477,197
2147451479,198
2147451481,199
2147451483,200
2147451485,201
2147451487,202
2147451489,203
2147451491,204
2147451493,205
2147451495,206
2147451497,207
2147451499,208
2147451501,209
2147451503,210
2147451505,211
2147451507,212
2147451509,213
2147451511,214
2147451513,215
2147451515,216
2147451517,217
2147451519,218
2147451521,219
2147451523,220
2147451525,221
2147451527,222
2147451529,223
2147451531,224
2147451533,225
2147451535,226
2147451537,227
2147451539,228
2147451541,229
2147451543,230
2147451545,231
2147451547,232
2147451549,233
2147451551,234
2147451553,235
2147451555,236
2147451557,237
2147451559,238
2147451561,239
2147451563,240
2147451565,241
2147451567,242
2147451569,243
2147451571,244
2147451573,245
2147451575,246
2147451577,247
2147451579,248
2147451581,249
2147451583,250
2147451585,251
2147451587,252
2147451589,253
2147451591,254
2147451593,255
2147451595,256
2147451597,257
2147451599,258
2147451601,259
2147451603,260
2147451605,261
2147451607,262
2147451609,263
2147451611,264
2147451613,265
2147451615,266
2147451617,267
2147451619,268
2147451621,269
2147451623,270
2147451625,271
2147451627,272
2147451629,273
2147451631,274
2147451633,275
2147451635,276
2147451637,277
2147451639,278
2147451641,279
2147451643,280
2147451645,281
2147451647,282
2147451649,283
2147451651,284
2147451653,285
2147451655,286
2147451657,287
2147451659,288
2147451661,289
2147451663,290
2147451665,291
2147451667,292
2147451669,293
2147451671,294
2147451673,295
2147451675,296
2147451677,297
2147451679,298
2147451681,299
2147451683,300
2147451685,301
2147451687,302
2147451689,303
2147451691,304
2147451693,305
2147451695,306
2147451697,307
2147451699,308
2147451701,309
2147451703,310
2147451705,311
2147451707,312
2147451709,313
2147451711,314
2147451713,315
2147451715,316
2147451717,317
2147451719,318
2147451721,319
2147451723,320
2147451725,321
2147451727,322
2147451729,323
2147451731,324
2147451733,325
2147451735,326
2147451737,327
2147451739,328
2147451741,329
2147451743,330
2147451745,331
2147451747,332
2147451749,333
2147451751,334
2147451753,335
2147451755,336
2147451757,337
2147451759,338
2147451761,339
2147451763,340
2147451765,341
2147451767,342
2147451769,343
2147451771,344
2147451773,345
2147451775,346
2147451777,347
2147451779,348
2147451781,349
2147451783,350
2147451785,351
2147451787,352
2147451789,353
2147451791,354
2147451793,355
2147451795,356
2147451797,357
2147451799,358
2147451801,359
2147451803,360
2147451805,361
2147451807,362
2147451809,363
2147451811,364
2147451813,365
2147451815,366
2147451817,367
2147451819,368
2147451821,369
2147451823,370
2147451825,371
2147451827,372
2147451829,373
2147451831,374
2147451833,375
2147451835,376
2147451837,377
2147451839,378
2147451841,379
2147451843,380
2147451845,381
2147451847,382
2147451849,383
2147451851,384
2147451853,385
2147451855,386
2147451857,387
2147451859,388
2147451861,389
2147451863,390
2147451865,391
2147451867,392
2147451869,393
2147451871,394
2147451873,395
2147451873,396
-2086043375,1836
-2086043375,1837
-2086043375,1838
-2086043373,1835
-2086043373,1839
-2086043371,1840
-2086043371,1841
-2086043371,1842
-2085912301,1833
-2085912301,1834
-2085912299,1843
-2085912299,1844
-2085781229,1832
-2085781227,1845
-2085650159,1825
-2085650159,1826
-2085650159,1827
-2085650157,1831
-2085650155,1846
-2085650155,1849
-2085650153,1818
-2085650153,1850
-2085650153,1851
-2085519087,1823
-2085519087,1824
-2085519087,1828
-2085519085,1822
-2085519085,1829
-2085519085,1830
-2085519083,1821
-2085519083,1847
-2085519083,1848
-2085519081,1819
-2085519081,1820
-2086043369,1883
-2086043369,1884
-2086043369,1885
-2086043367,1886
-2086043367,1887
-2086043367,1888
-2086043367,1889
-2086043367,1894
-2086043367,1895
-2086043367,1899
-2086043365,1853
-2086043365,1854
-2086043365,1855
-2086043365,1856
-2086043365,1857
-2086043365,1890
-2086043365,1891
-2086043365,1892
-2086043363,1852
-2086043363,1893
-2085912297,1867
-2085912297,1868
-2085912297,1869
-2085912297,1870
-2085912297,1881
-2085912297,1882
-2085912295,1879
-2085912295,1880
-2085912295,1896
-2085912295,1897
-2085912295,1898
-2085912293,1858
-2085781225,1865
-2085781225,1866
-2085781225,1871
-2085781223,1872
-2085781223,1873
-2085781223,1874
-2085781223,1875
-2085781223,1876
-2085781223,1877
-2085781223,1878
-2085781221,1859
-2085781221,1860
-2085650153,1864
-2085650151,1862
-2085650151,1863
-2085650149,1861
-2086043363,1919
-2086043363,1920
-2086043363,1921
-2086043361,1922
-2086043361,1923
-2086043361,1924
-2086043361,1930
-2086043361,1931
-2086043361,1932
-2086043359,1925
-2086043359,1929
-2085912291,1918
-2085912289,1933
-2085912287,1926
-2085912287,1928
-2085912287,1938
-2085912285,1900
-2085912285,1901
-2085912285,1927
-2085781219,1917
-2085781217,1907
-2085781217,1908
-2085781217,1934
-2085781217,1935
-2085781217,1936
-2085781215,1903
-2085781215,1937
-2085781213,1902
-2085650147,1915
-2085650147,1916
-2085650145,1906
-2085650145,1909
-2085650143,1904
-2085650143,1905
-2085519075,1912
-2085519075,1913
-2085519075,1914
-2085519073,1910
-2085519073,1911
-2086043357,1954
-2086043357,1955
-2086043357,1956
-2086043357,1957
-2086043355,1939
-2086043355,1940
-2086043355,1941
-2086043355,1958
-2085912285,1953
-2085912283,1942
-2085781213,1952
-2085781211,1943
-2085650141,1950
-2085650141,1951
-2085650139,1944
-2085519069,1947
-2085519069,1948
-2085519069,1949
-2085519067,1945
-2085519067,1946
-2086043353,1982
-2086043351,1962
-2086043351,1963
-2086043351,1964
-2086043351,1983
-2086043351,1984
-2086043349,1961
-2086043349,1985
-2085912281,1966
-2085912281,1967
-2085912281,1979
-2085912281,1980
-2085912281,1981
-2085912281,1988
-2085912281,1989
-2085912279,1965
-2085912279,1968
-2085912279,1987
-2085912277,1959
-2085912277,1960
-2085912277,1969
-2085912277,1970
-2085912277,1986
-2085781209,1978
-2085781209,1990
-2085781207,1973
-2085781207,1991
-2085781207,1992
-2085781205,1971
-2085781205,1972
-2085650137,1977
-2085650135,1974
-2085650135,1975
-2085650135,1976
2147450879,1993
2147450879,1994
2147450879,1995
-1,0
